  0  1111010010101111101 0001011010100000100 0001011010100000100
  1  1111010100001011100 0001011101010010110 0001011101010010110
  2  1111010101101010001 0001011111111111000 0001011111111111000
  3  1111010111001011100 0001100010100101011 0001100010100101011
  4  1111011000101111011 0001100101000101100 0001100101000101100
  5  1111011010010101101 0001100111011111011 0001100111011111011
  6  1111011011111110010 0001101001110010110 0001101001110010110
  7  1111011101101001001 0001101011111111101 0001101011111111101
  8  1111011111010110010 0001101110000101101 0001101110000101101
  9  1111100001000101011 0001110000000100110 0001110000000100110
 10  1111100010110110011 0001110001111100111 0001110001111100111
 11  1111100100101001001 0001110011101101111 0001110011101101111
 12  1111100110011101110 0001110101010111110 0001110101010111110
 13  1111101000010011111 0001110110111010001 0001110110111010001
 14  1111101010001011100 0001111000010101001 0001111000010101001
 15  1111101100000100100 0001111001101000101 0001111001101000101
 16  1111101101111110110 0001111010110100101 0001111010110100101
 17  1111101111111010001 0001111011111000110 0001111011111000110
 18  1111110001110110100 0001111100110101010 0001111100110101010
 19  1111110011110011110 0001111101101010000 0001111101101010000
 20  1111110101110001110 0001111110010110110 0001111110010110110
 21  1111110111110000011 0001111110111011110 0001111110111011110
 22  1111111001101111101 0001111111011000110 0001111111011000110
 23  1111111011101111001 0001111111101101110 0001111111101101110
 24  1111111101101111000 0001111111111010110 0001111111111010110
 25  1111111111101111000 0001111111111111111 0001111111111111111
 26  0000000001101110111 0001111111111100111 0001111111111100111
 27  0000000011101110110 0001111111110010000 0001111111110010000
 28  0000000101101110100 0001111111011111001 0001111111011111001
 29  0000000111101101110 0001111111000100010 0001111111000100010
 30  0000001001101100100 0001111110100001011 0001111110100001011
 31  0000001011101010110 0001111101110110101 0001111101110110101
 32  0000001101101000010 0001111101000100000 0001111101000100000
 33  0000001111100100111 0001111100001001101 0001111100001001101
 34  0000010001100000100 0001111011000111011 0001111011000111011
 35  0000010011011011000 0001111001111101100 0001111001111101100
 36  0000010101010100011 0001111000101100001 0001111000101100001
 37  0000010111001100011 0001110111010011000 0001110111010011000
 38  0000011001000010111 0001110101110010100 0001110101110010100
 39  0000011010110111111 0001110100001010110 0001110100001010110
 40  0000011100101011010 0001110010011011101 0001110010011011101
 41  0000011110011100110 0001110000100101011 0001110000100101011
 42  0000100000001100011 0001101110101000000 0001101110101000000
 43  0000100001111010000 0001101100100011111 0001101100100011111
 44  0000100011100101011 0001101010011000111 0001101010011000111
 45  0000100101001110110 0001101000000111001 0001101000000111001
 46  0000100110110101101 0001100101101111000 0001100101101111000
 47  0000101000011010001 0001100011010000100 0001100011010000100
 48  0000101001111100001 0001100000101011110 0001100000101011110
 49  0000101011011011100 0001011110000001000 0001011110000001000
 50  0000101100111000001 0001011011010000011 0001011011010000011
 51  0000101110010010000 0001011000011010001 0001011000011010001
 52  0000101111101000111 0001010101011110010 0001010101011110010
 53  0000110000111100111 0001010010011101000 0001010010011101000
 54  0000110010001101110 0001001111010110101 0001001111010110101
 55  0000110011011011100 0001001100001011011 0001001100001011011
 56  0000110100100110001 0001001000111011010 0001001000111011010
 57  0000110101101101011 0001000101100110101 0001000101100110101
 58  0000110110110001010 0001000010001101101 0001000010001101101
 59  0000110111110001110 0000111110110000100 0000111110110000100
 60  0000111000101110110 0000111011001111100 0000111011001111100
 61  0000111001101000010 0000110111101010110 0000110111101010110
 62  0000111010011110001 0000110100000010100 0000110100000010100
 63  0000111011010000011 0000110000010111001 0000110000010111001
 64  0000111011111110111 0000101100101000101 0000101100101000101
 65  0000111100101001101 0000101000110111010 0000101000110111010
 66  0000111101010000100 0000100101000011100 0000100101000011100
 67  0000111101110011101 0000100001001101010 0000100001001101010
 68  0000111110010011000 0000011101010101000 0000011101010101000
 69  0000111110101110011 0000011001011011000 0000011001011011000
 70  0000111111000101110 0000010101011111011 0000010101011111011
 71  0000111111011001010 0000010001100010011 0000010001100010011
 72  0000111111101000111 0000001101100100010 0000001101100100010
 73  0000111111110100100 0000001001100101010 0000001001100101010
 74  0000111111111100000 0000000101100101110 0000000101100101110
 75  0000111111111111101 0000000001100101111 0000000001100101111
 76  0000111111111111010 1111111101100101111 1111111101100101111
 77  0000111111111010110 1111111001100110000 1111111001100110000
 78  0000111111110010011 1111110101100110101 1111110101100110101
 79  0000111111100110000 1111110001100111111 1111110001100111111
 80  0000111111010101101 1111101101101010000 1111101101101010000
 81  0000111111000001011 1111101001101101010 1111101001101101010
 82  0000111110101001001 1111100101110001111 1111100101110001111
 83  0000111110001100111 1111100001111000001 1111100001111000001
 84  0000111101101100111 1111011110000000010 1111011110000000010
 85  0000111101001000111 1111011010001010101 1111011010001010101
 86  0000111100100001010 1111010110010111010 1111010110010111010
 87  0000111011110101101 1111010010100110100 1111010010100110100
 88  0000111011000110011 1111001110111000101 1111001110111000101
 89  0000111010010011100 1111001011001101110 1111001011001101110
 90  0000111001011100111 1111000111100110010 1111000111100110010
 91  0000111000100010101 1111000100000010010 1111000100000010010
 92  0000110111100101000 1111000000100010000 1111000000100010000
 93  0000110110100011110 1110111101000101110 1110111101000101110
 94  0000110101011111001 1110111001101101101 1110111001101101101
 95  0000110100010111010 1110110110011001111 1110110110011001111
 96  0000110011001100000 1110110011001010110 1110110011001010110
 97  0000110001111101101 1110110000000000011 1110110000000000011
 98  0000110000101100000 1110101100111011001 1110101100111011001
 99  0000101111010111100 1110101001111011000 1110101001111011000
100  0000101101111111111 1110100111000000010 1110100111000000010
101  0000101100100101100 1110100100001011000 1110100100001011000
102  0000101011001000010 1110100001011011101 1110100001011011101
103  0000101001101000011 1110011110110010000 1110011110110010000
104  0000101000000101111 1110011100001110101 1110011100001110101
105  0000100110100000111 1110011001110001011 1110011001110001011
106  0000100100111001100 1110010111011010100 1110010111011010100
107  0000100011001111110 1110010101001010010 1110010101001010010
108  0000100001100011110 1110010011000000101 1110010011000000101
109  0000011111110101110 1110010000111101110 1110010000111101110
110  0000011110000101110 1110001111000001111 1110001111000001111
111  0000011100010011111 1110001101001101001 1110001101001101001
112  0000011010100000010 1110001011011111100 1110001011011111100
113  0000011000101010111 1110001001111001001 1110001001111001001
114  0000010110110100000 1110001000011010001 1110001000011010001
115  0000010100111011110 1110000111000010101 1110000111000010101
116  0000010011000010001 1110000101110010101 1110000101110010101
117  0000010001000111011 1110000100101010011 1110000100101010011
118  0000001111001011100 1110000011101001110 1110000011101001110
119  0000001101001110110 1110000010110000111 1110000010110000111
120  0000001011010001001 1110000001111111111 1110000001111111111
121  0000001001010010110 1110000001010110110 1110000001010110110
122  0000000111010011111 1110000000110101101 1110000000110101101
123  0000000101010100100 1110000000011100010 1110000000011100010
124  0000000011010100110 1110000000001011000 1110000000001011000
125  0000000001010100111 1110000000000001110 1110000000000001110
126  1111111111010100111 1110000000000000011 1110000000000000011
127  1111111101010101000 1110000000000111001 1110000000000111001
