  0   -0.707106795318    1.414246113154    1.403116620670
  1   -0.684668066304    1.457743606236    1.357900890847
  2   -0.661560770543    1.499817637425    1.311359193841
  3   -0.637807471917    1.540427122143    1.263536976835
  4   -0.613431365118    1.579532405918    1.214480937405
  5   -0.588456253001    1.617095303103    1.164238977964
  6   -0.562906523339    1.653079134168    1.112860158910
  7   -0.536807125010    1.687448761512    1.060394650805
  8   -0.510183543633    1.720170623776    1.006893685301
  9   -0.483061776684    1.751212768618    0.952409505216
 10   -0.455468308107    1.780544883910    0.896995313407
 11   -0.427430082457    1.808138327339    0.840705220903
 12   -0.398974478585    1.833966154376    0.783594194009
 13   -0.370129282906    1.858003144586    0.725718000685
 14   -0.340922662263    1.880225826257    0.667133156050
 15   -0.311383136425    1.900612499316    0.607896867211
 16   -0.281539550240    1.919143256523    0.548066977397
 17   -0.251421045461    1.935800002909    0.487701909481
 18   -0.221057032298    1.950566473443    0.426860608922
 19   -0.190477160694    1.963428248917    0.365602486226
 20   -0.159711291376    1.974372770026    0.303987358905
 21   -0.128789466691    1.983389349631    0.242075393088
 22   -0.097741881279    1.990469183194    0.179927044757
 23   -0.066598852577    1.995605357379    0.117603000721
 24   -0.035390791227    1.998792856799    0.055164119350
 25   -0.004148171369    2.000028568913   -0.007328628848
 26    0.027098499107    1.999311287072   -0.069814220763
 27    0.058318708359    1.996641711687   -0.132231640277
 28    0.089481970383    1.992022449555   -0.194519937838
 29    0.120557854780    1.985458011305   -0.256618289981
 30    0.151516016478    1.976954807002   -0.318466058719
 31    0.182326225358    1.966521139878   -0.380002850755
 32    0.212958395772    1.954167198234   -0.441168576455
 33    0.243382615927    1.939905045484   -0.501903508527
 34    0.273569177088    1.923748608378   -0.562148340345
 35    0.303488602590    1.905713663402   -0.621844243843
 36    0.333111676621    1.885817821374   -0.680932926987
 37    0.362409472754    1.864080510247   -0.739356690693
 38    0.391353382186    1.840522956135   -0.797058485131
 39    0.419915141683    1.815168162590   -0.853981965486
 40    0.448066861169    1.788040888139   -0.910071546942
 41    0.475781050969    1.759167622104   -0.965272458978
 42    0.503030648647    1.728576558740   -1.019530798842
 43    0.529789045434    1.696297569700   -1.072793584176
 44    0.556030112208    1.662362174871   -1.125008804787
 45    0.581728225013    1.626803511588   -1.176125473386
 46    0.606858290079    1.589656302283   -1.226093675427
 47    0.631395768324    1.550956820577   -1.274864617798
 48    0.655316699315    1.510742855854   -1.322390676495
 49    0.678597724670    1.469053676372   -1.368625443147
 50    0.701216110864    1.425929990904   -1.413523770282
 51    0.723149771424    1.381413908999   -1.457041815442
 52    0.744377288506    1.335548899854   -1.499137083985
 53    0.764877933797    1.288379749873   -1.539768470616
 54    0.784631688766    1.239952518931   -1.578896299475
 55    0.803619264206    1.190314495397   -1.616482362879
 56    0.821822119072    1.139514149957   -1.652489958680
 57    0.839222478586    1.087601088288   -1.686883926096
 58    0.855803351591    1.034626002613   -1.719630679984
 59    0.871548547147    0.980640622205   -1.750698243685
 60    0.886442690337    0.925697662871   -1.780056280268
 61    0.900471237283    0.869850775478   -1.807676122097
 62    0.913620489346    0.813154493564   -1.833530798870
 63    0.925877606507    0.755664180087   -1.857595063940
 64    0.937230619897    0.697435973362   -1.879845418948
 65    0.947668443491    0.638526732245   -1.900260136812
 66    0.957180884933    0.578993980610   -1.918819282893
 67    0.965758655485    0.518895851178   -1.935504734511
 68    0.973393379098    0.458291028753   -1.950300198601
 69    0.980077600596    0.397238692917   -1.963191227638
 70    0.985804792948    0.335798460237   -1.974165233769
 71    0.990569363650    0.274030326060   -1.983211501046
 72    0.994366660179    0.211994605920   -1.990321195946
 73    0.997192974538    0.149751876645   -1.995487375971
 74    0.999045546880    0.087362917204   -1.998704996440
 75    0.999922568200    0.024888649356   -1.999970915407
 76    0.999823182101   -0.037609921835   -1.999283896706
 77    0.998747485632   -0.100071767576   -1.996644611208
 78    0.996696529193   -0.162435894934   -1.992055636137
 79    0.993672315507   -0.224641406397   -1.985521452540
 80    0.989677797667   -0.286627559339   -1.977048440943
 81    0.984716876253   -0.348333825333   -1.966644875089
 82    0.978794395521   -0.409699949259   -1.954320913884
 83    0.971916138672   -0.470666008136   -1.940088591485
 84    0.964088822207   -0.531172469644   -1.923961805490
 85    0.955320089368   -0.591160250250   -1.905956303449
 86    0.945618502673   -0.650570772903   -1.886089667421
 87    0.934993535558   -0.709346024237   -1.864381296837
 88    0.923455563123   -0.767428611216   -1.840852389554
 89    0.911015852002   -0.824761817180   -1.815525921154
 90    0.897686549362   -0.881289657226   -1.788426622506
 91    0.883480671040   -0.936956932877   -1.759580955603
 92    0.868412088835   -0.991709285983   -1.729017087768
 93    0.852495516963   -1.045493251802   -1.696764864086
 94    0.835746497686   -1.098256311202   -1.662855778302
 95    0.818181386137   -1.149946941952   -1.627322942077
 96    0.799817334349   -1.200514669028   -1.590201052609
 97    0.780672274507   -1.249910113903   -1.551526358807
 98    0.760764901437   -1.298085042763   -1.511336625840
 99    0.740114654351   -1.344992413608   -1.469671098312
100    0.718741697866   -1.390586422186   -1.426570461879
101    0.696666902309   -1.434822546721   -1.382076803619
102    0.673911823345   -1.477657591388   -1.336233570803
103    0.650498680923   -1.519049728494   -1.289085528595
104    0.626450337577   -1.558958539318   -1.240678716233
105    0.601790276108   -1.597345053585   -1.191060402159
106    0.576542576646   -1.634171787515   -1.140279037820
107    0.550731893143   -1.669402780426   -1.088384210350
108    0.524383429292   -1.703003629852   -1.035426594162
109    0.497522913921   -1.734941525135   -0.981457901486
110    0.470176575868   -1.765185279460   -0.926530831823
111    0.442371118368   -1.793705360316   -0.870699020522
112    0.414133692977   -1.820473918327   -0.814016986405
113    0.385491873064   -1.845464814450   -0.756540078515
114    0.356473626878   -1.868653645501   -0.698324422078
115    0.327107290245   -1.890017767978   -0.639426863692
116    0.297421538894   -1.909536320179   -0.579904915828
117    0.267445360458   -1.927190242568   -0.519816700650
118    0.237208026166   -1.942962296391   -0.459220893288
119    0.206739062262   -1.956837080504   -0.398176664519
120    0.176068221172   -1.968801046416   -0.336743622992
121    0.145225452452   -1.978842511517   -0.274981757031
122    0.114240873542   -1.986951670487   -0.212951376053
123    0.083144740358   -1.993120604870   -0.150713051667
124    0.051967417746   -1.997343290806   -0.088327558546
125    0.020739349833   -1.999615604914   -0.025855815063
126   -0.010508969704   -1.999935328318    0.036641176186
127   -0.041747027410   -1.998302148813    0.099102387947
